object={
	name="tree_olive_generator_1_0"
	clamp_to_water_level=no
	render_under_water=no
	generated_content=yes
	layer="tree_layer"
	pdxmesh="tree_olive_01_mesh"
	count=76
	transform="7255.494141 0.000000 659.243042 0.000000 0.683238 0.000000 0.730196 0.554572 0.554572 0.554572
7254.322266 0.000000 659.648499 0.000000 0.851105 0.000000 -0.524996 0.881950 0.881950 0.881950
7254.389648 0.000000 658.432861 0.000000 0.996294 0.000000 0.086013 0.729440 0.729440 0.729440
4596.709473 0.000000 3103.387207 0.000000 0.261307 0.000000 0.965256 0.438115 0.438115 0.438115
4598.317383 0.000000 3124.306885 0.000000 0.372852 0.000000 -0.927891 1.033785 1.033785 1.033785
4594.470703 0.000000 3108.908203 0.000000 0.813467 0.000000 0.581611 0.601817 0.601817 0.601817
4582.636230 0.000000 3129.095215 0.000000 0.830726 0.000000 -0.556681 0.890944 0.890944 0.890944
4594.137695 0.000000 3126.015137 0.000000 0.479697 0.000000 -0.877434 1.005560 1.005560 1.005560
4583.814941 0.000000 3107.488770 0.000000 0.580512 0.000000 -0.814251 0.977139 0.977139 0.977139
4591.889648 0.000000 3117.693359 0.000000 0.016036 0.000000 -0.999871 1.121172 1.121172 1.121172
4590.247559 0.000000 3110.054443 0.000000 0.929283 0.000000 -0.369368 0.840319 0.840319 0.840319
4595.519043 0.000000 3121.990234 0.000000 0.975403 0.000000 -0.220429 0.803059 0.803059 0.803059
4593.885742 0.000000 3115.499023 0.000000 0.927496 0.000000 -0.373833 0.841467 0.841467 0.841467
4591.888672 0.000000 3107.564209 0.000000 0.466587 0.000000 -0.884475 1.009112 1.009112 1.009112
4592.609863 0.000000 3111.440430 0.000000 0.089485 0.000000 0.995988 0.396392 0.396392 0.396392
4578.394531 0.000000 3116.622559 0.000000 0.993867 0.000000 0.110581 0.723547 0.723547 0.723547
4598.890625 0.000000 3105.008789 0.000000 0.032763 0.000000 -0.999463 1.117177 1.117177 1.117177
4596.758789 0.000000 3126.445312 0.000000 0.979144 0.000000 -0.203170 0.798843 0.798843 0.798843
4589.932617 0.000000 3106.197754 0.000000 0.941480 0.000000 -0.337068 0.832076 0.832076 0.832076
4589.261719 0.000000 3117.728271 0.000000 0.559264 0.000000 0.828990 0.516687 0.516687 0.516687
4589.904297 0.000000 3129.263672 0.000000 0.908453 0.000000 -0.417986 0.852948 0.852948 0.852948
4601.097656 0.000000 3105.629883 0.000000 0.854910 0.000000 0.518776 0.619791 0.619791 0.619791
4595.958984 0.000000 3124.367188 0.000000 0.753020 0.000000 -0.657998 0.921447 0.921447 0.921447
4590.448730 0.000000 3115.880859 0.000000 0.625691 0.000000 -0.780071 0.963613 0.963613 0.963613
4586.333984 0.000000 3116.596436 0.000000 0.759765 0.000000 0.650198 0.581015 0.581015 0.581015
4585.688965 0.000000 3106.632568 0.000000 0.428102 0.000000 0.903730 0.480613 0.480613 0.480613
4597.571289 0.000000 3122.306885 0.000000 0.998464 0.000000 -0.055397 0.763232 0.763232 0.763232
4586.703125 0.000000 3124.265625 0.000000 0.663946 0.000000 -0.747781 0.951660 0.951660 0.951660
4583.663086 0.000000 3109.657227 0.000000 0.601840 0.000000 -0.798617 0.970826 0.970826 0.970826
4603.276855 0.000000 3114.382812 0.000000 0.171837 0.000000 -0.985125 1.083772 1.083772 1.083772
4594.177246 0.000000 3117.358154 0.000000 0.980749 0.000000 0.195274 0.703080 0.703080 0.703080
4597.997559 0.000000 3108.228760 0.000000 0.467695 0.000000 -0.883890 1.008814 1.008814 1.008814
4585.283203 0.000000 3118.951660 0.000000 0.908310 0.000000 -0.418298 0.853030 0.853030 0.853030
4600.757812 0.000000 3112.960449 0.000000 0.597439 0.000000 -0.801914 0.972139 0.972139 0.972139
4602.343262 0.000000 3116.106934 0.000000 0.995843 0.000000 0.091088 0.728224 0.728224 0.728224
4596.139648 0.000000 3108.382812 0.000000 0.923331 0.000000 0.384006 0.655908 0.655908 0.655908
4598.886719 0.000000 3111.073242 0.000000 0.434575 0.000000 0.900636 0.482326 0.482326 0.482326
4589.590820 0.000000 3114.220215 0.000000 0.191710 0.000000 0.981452 0.421052 0.421052 0.421052
4592.187988 0.000000 3115.909180 0.000000 0.191515 0.000000 0.981490 0.421005 0.421005 0.421005
4584.475586 0.000000 3129.070557 0.000000 0.976327 0.000000 0.216300 0.697951 0.697951 0.697951
4595.184082 0.000000 3114.406250 0.000000 0.552179 0.000000 0.833726 0.514653 0.514653 0.514653
4592.505859 0.000000 3126.442139 0.000000 0.936698 0.000000 -0.350139 0.835399 0.835399 0.835399
4601.478516 0.000000 3108.007080 0.000000 0.997062 0.000000 0.076597 0.731696 0.731696 0.731696
4588.002441 0.000000 3113.720703 0.000000 0.720317 0.000000 -0.693645 0.932997 0.932997 0.932997
4592.966797 0.000000 3124.923828 0.000000 0.559250 0.000000 0.828999 0.516683 0.516683 0.516683
4593.429688 0.000000 3127.765869 0.000000 0.994277 0.000000 0.106837 0.724446 0.724446 0.724446
4580.670410 0.000000 3113.602051 0.000000 0.907640 0.000000 -0.419749 0.853411 0.853411 0.853411
4587.727539 0.000000 3117.222168 0.000000 0.720234 0.000000 -0.693731 0.933026 0.933026 0.933026
4584.833984 0.000000 3117.012207 0.000000 0.729826 0.000000 -0.683633 0.929701 0.929701 0.929701
4586.865723 0.000000 3127.741211 0.000000 0.384036 0.000000 0.923318 0.469100 0.469100 0.469100
4592.320801 0.000000 3123.564697 0.000000 0.955738 0.000000 -0.294220 0.821295 0.821295 0.821295
4584.975098 0.000000 3108.423828 0.000000 0.847617 0.000000 0.530609 0.616472 0.616472 0.616472
4582.243652 0.000000 3118.576904 0.000000 0.270259 0.000000 0.962788 0.440332 0.440332 0.440332
4583.675781 0.000000 3114.239258 0.000000 0.830300 0.000000 -0.557317 0.891127 0.891127 0.891127
4601.927246 0.000000 3117.478271 0.000000 0.300781 0.000000 0.953693 0.447936 0.447936 0.447936
4583.327637 0.000000 3119.527588 0.000000 0.012230 0.000000 -0.999925 1.122080 1.122080 1.122080
4603.751953 0.000000 3115.760254 0.000000 0.270278 0.000000 -0.962782 1.059663 1.059663 1.059663
4585.299805 0.000000 3126.112793 0.000000 0.983821 0.000000 -0.179154 0.793002 0.793002 0.793002
4593.763184 0.000000 3112.310547 0.000000 0.950811 0.000000 -0.309771 0.825189 0.825189 0.825189
4595.595703 0.000000 3125.694092 0.000000 0.246693 0.000000 0.969094 0.434508 0.434508 0.434508
4600.386230 0.000000 3115.718994 0.000000 0.675193 0.000000 -0.737641 0.948045 0.948045 0.948045
4594.569824 0.000000 3124.695068 0.000000 0.104478 0.000000 0.994527 0.399988 0.399988 0.399988
4585.646973 0.000000 3112.036133 0.000000 0.562686 0.000000 -0.826671 0.982326 0.982326 0.982326
4585.021973 0.000000 3114.342529 0.000000 0.839985 0.000000 -0.542610 0.886923 0.886923 0.886923
4582.299805 0.000000 3110.110840 0.000000 0.035841 0.000000 -0.999358 1.116442 1.116442 1.116442
4585.822266 0.000000 3113.287842 0.000000 0.022479 0.000000 -0.999747 1.119633 1.119633 1.119633
4582.988281 0.000000 3115.406982 0.000000 0.882553 0.000000 -0.470213 0.866867 0.866867 0.866867
4585.639160 0.000000 3115.563232 0.000000 0.845432 0.000000 -0.534084 0.884507 0.884507 0.884507
4592.564453 0.000000 3114.707275 0.000000 0.341024 0.000000 -0.940055 1.041920 1.041920 1.041920
4583.615723 0.000000 3112.005127 0.000000 0.237057 0.000000 -0.971496 1.067863 1.067863 1.067863
4581.227539 0.000000 3116.710693 0.000000 0.629242 0.000000 0.777209 0.537476 0.537476 0.537476
4583.663086 0.000000 3116.593506 0.000000 0.599452 0.000000 0.800411 0.528461 0.528461 0.528461
4580.163086 0.000000 3114.674316 0.000000 0.814481 0.000000 0.580191 0.602233 0.602233 0.602233
4580.734863 0.000000 3119.083740 0.000000 0.926453 0.000000 -0.376410 0.842131 0.842131 0.842131
4586.757812 0.000000 3109.429199 0.000000 0.141891 0.000000 -0.989882 1.091011 1.091011 1.091011
4585.683594 0.000000 3110.924316 0.000000 0.250239 0.000000 0.968184 0.435382 0.435382 0.435382
"}
