object={
	name="tree_palm_generator_1_0"
	clamp_to_water_level=no
	render_under_water=no
	generated_content=yes
	layer="tree_layer"
	pdxmesh="tree_palm_mesh"
	count=523
	transform="7166.182617 0.000000 635.032104 0.000000 0.997365 0.000000 0.072541 0.742557 0.742557 0.742557
7166.841309 0.000000 635.581299 0.000000 0.123002 0.000000 0.992406 0.601612 0.601612 0.601612
7167.131348 0.000000 634.049377 0.000000 0.819124 0.000000 -0.573616 0.812628 0.812628 0.812628
7167.709961 0.000000 635.490417 0.000000 0.259093 0.000000 0.965852 0.615838 0.615838 0.615838
5193.850586 0.000000 2364.952881 0.000000 0.781138 0.000000 -0.624359 0.892988 0.892988 0.892988
5211.687988 0.000000 2361.606689 0.000000 0.988480 0.000000 0.151350 0.717526 0.717526 0.717526
5201.970215 0.000000 2358.388428 0.000000 0.570780 0.000000 -0.821103 0.955359 0.955359 0.955359
5186.245605 0.000000 2365.310547 0.000000 0.990668 0.000000 -0.136299 0.779069 0.779069 0.779069
5203.784668 0.000000 2365.897217 0.000000 0.928069 0.000000 0.372408 0.669081 0.669081 0.669081
5175.510742 0.000000 2378.393555 0.000000 0.927004 0.000000 0.375050 0.669773 0.669773 0.669773
5179.691895 0.000000 2393.598877 0.000000 0.952088 0.000000 0.305824 0.687062 0.687062 0.687062
5162.858398 0.000000 2383.137695 0.000000 0.419032 0.000000 0.907971 0.509877 0.509877 0.509877
5152.359375 0.000000 2388.927490 0.000000 0.618455 0.000000 -0.785820 0.943222 0.943222 0.943222
5178.897949 0.000000 2367.798096 0.000000 0.937388 0.000000 0.348287 0.674365 0.674365 0.674365
5169.974121 0.000000 2390.380615 0.000000 0.714805 0.000000 0.699324 0.589257 0.589257 0.589257
5177.362793 0.000000 2385.900879 0.000000 0.823165 0.000000 -0.567802 0.873634 0.873634 0.873634
5154.249512 0.000000 2397.302734 0.000000 0.770922 0.000000 -0.636930 0.896811 0.896811 0.896811
5171.788574 0.000000 2397.889404 0.000000 0.899467 0.000000 -0.436988 0.842343 0.842343 0.842343
5160.229492 0.000000 2389.974365 0.000000 0.973367 0.000000 -0.229251 0.798789 0.798789 0.798789
5168.335938 0.000000 2378.217529 0.000000 0.336332 0.000000 0.941743 0.492408 0.492408 0.492408
5172.891113 0.000000 2371.862061 0.000000 0.366016 0.000000 0.930609 0.496372 0.496372 0.496372
5180.577148 0.000000 2374.184570 0.000000 0.137605 0.000000 -0.990487 1.048987 1.048987 1.048987
5170.311523 0.000000 2384.136230 0.000000 0.404462 0.000000 -0.914555 0.988956 0.988956 0.988956
5181.251465 0.000000 2380.987305 0.000000 0.953228 0.000000 -0.302253 0.812697 0.812697 0.812697
5164.940918 0.000000 2392.431152 0.000000 0.945429 0.000000 -0.325829 0.819072 0.819072 0.819072
5174.427734 0.000000 2392.951416 0.000000 0.253139 0.000000 -0.967430 1.019218 1.019218 1.019218
5181.419922 0.000000 2388.889404 0.000000 0.558252 0.000000 -0.829672 0.948701 0.948701 0.948701
5165.760254 0.000000 2387.466553 0.000000 0.175035 0.000000 -0.984562 1.041862 1.041862 1.041862
5167.347168 0.000000 2396.814209 0.000000 0.787094 0.000000 0.616834 0.612781 0.612781 0.612781
5176.514648 0.000000 2396.990723 0.000000 0.108944 0.000000 -0.994048 1.047625 1.047625 1.047625
5173.526367 0.000000 2387.862793 0.000000 0.959790 0.000000 -0.280719 0.808579 0.808579 0.808579
5176.373047 0.000000 2374.318848 0.000000 0.345117 0.000000 -0.938560 1.004947 1.004947 1.004947
5174.753906 0.000000 2382.490967 0.000000 0.629090 0.000000 0.777332 0.566189 0.566189 0.566189
5181.698242 0.000000 2397.605225 0.000000 0.981900 0.000000 0.189399 0.711199 0.711199 0.711199
5177.478516 0.000000 2390.061523 0.000000 0.741933 0.000000 0.670474 0.600367 0.600367 0.600367
5170.480957 0.000000 2394.248535 0.000000 0.990151 0.000000 -0.140003 0.778839 0.778839 0.778839
5171.543945 0.000000 2380.173096 0.000000 0.699334 0.000000 0.714795 0.584269 0.584269 0.584269
5180.989746 0.000000 2385.198730 0.000000 0.162853 0.000000 0.986650 0.465828 0.465828 0.465828
5178.176758 0.000000 2382.581299 0.000000 0.946050 0.000000 -0.324021 0.817191 0.817191 0.817191
5182.424805 0.000000 2394.602539 0.000000 0.482253 0.000000 0.876032 0.533216 0.533216 0.533216
5173.204102 0.000000 2395.437988 0.000000 0.110497 0.000000 0.993876 0.451873 0.451873 0.451873
5179.165527 0.000000 2396.668457 0.000000 0.801644 0.000000 0.597802 0.619526 0.619526 0.619526
5181.610352 0.000000 2391.561279 0.000000 0.054246 0.000000 0.998528 0.442902 0.442902 0.442902
5147.695801 0.000000 2425.591064 0.000000 0.817784 0.000000 0.575525 0.619616 0.619616 0.619616
5161.854492 0.000000 2428.937256 0.000000 0.215620 0.000000 0.976477 0.468318 0.468318 0.468318
5152.122559 0.000000 2407.342285 0.000000 0.367236 0.000000 0.930128 0.495979 0.495979 0.495979
5175.510742 0.000000 2410.385742 0.000000 0.485678 0.000000 -0.874138 0.969574 0.969574 0.969574
5179.691895 0.000000 2425.591064 0.000000 0.975512 0.000000 0.219946 0.704222 0.704222 0.704222
5162.858398 0.000000 2415.129883 0.000000 0.964922 0.000000 0.262538 0.694713 0.694713 0.694713
5165.555176 0.000000 2403.246338 0.000000 0.892274 0.000000 0.451494 0.652246 0.652246 0.652246
5152.359375 0.000000 2420.919678 0.000000 0.345635 0.000000 0.938369 0.492432 0.492432 0.492432
5178.897949 0.000000 2399.790283 0.000000 0.208292 0.000000 0.978067 0.472109 0.472109 0.472109
5169.974121 0.000000 2422.372803 0.000000 0.999172 0.000000 0.040687 0.741598 0.741598 0.741598
5177.362793 0.000000 2417.893066 0.000000 0.989054 0.000000 0.147552 0.719345 0.719345 0.719345
5154.249512 0.000000 2429.294922 0.000000 0.867842 0.000000 -0.496841 0.859673 0.859673 0.859673
5159.799316 0.000000 2408.192139 0.000000 0.516625 0.000000 -0.856212 0.967388 0.967388 0.967388
5171.788574 0.000000 2429.881592 0.000000 0.213595 0.000000 0.976922 0.470171 0.470171 0.470171
5160.229492 0.000000 2421.966553 0.000000 0.482531 0.000000 -0.875879 0.972715 0.972715 0.972715
5168.335938 0.000000 2410.209717 0.000000 0.817466 0.000000 0.575977 0.622947 0.622947 0.622947
5172.891113 0.000000 2403.854248 0.000000 0.793904 0.000000 0.608043 0.615077 0.615077 0.615077
5155.337402 0.000000 2413.973633 0.000000 0.400819 0.000000 0.916157 0.504364 0.504364 0.504364
5180.577148 0.000000 2406.176758 0.000000 0.740023 0.000000 -0.672582 0.901870 0.901870 0.901870
5170.311523 0.000000 2416.128418 0.000000 0.992858 0.000000 -0.119305 0.774687 0.774687 0.774687
5181.251465 0.000000 2412.979492 0.000000 0.947998 0.000000 0.318277 0.683134 0.683134 0.683134
5164.940918 0.000000 2424.423340 0.000000 0.965747 0.000000 -0.259485 0.804629 0.804629 0.804629
5174.427734 0.000000 2424.943604 0.000000 0.979097 0.000000 0.203392 0.707718 0.707718 0.707718
5181.419922 0.000000 2420.881592 0.000000 0.992081 0.000000 0.125602 0.723861 0.723861 0.723861
5156.392090 0.000000 2404.662109 0.000000 0.212547 0.000000 -0.977151 1.036909 1.036909 1.036909
5169.269531 0.000000 2399.880371 0.000000 0.246219 0.000000 0.969214 0.478577 0.478577 0.478577
5165.760254 0.000000 2419.458740 0.000000 0.020908 0.000000 -0.999781 1.071689 1.071689 1.071689
5155.563965 0.000000 2424.513672 0.000000 0.078423 0.000000 -0.996920 1.064765 1.064765 1.064765
5158.888672 0.000000 2417.557129 0.000000 0.275415 0.000000 -0.961325 1.021019 1.021019 1.021019
5167.347168 0.000000 2428.806396 0.000000 0.846508 0.000000 0.532375 0.633477 0.633477 0.633477
5176.514648 0.000000 2428.982910 0.000000 0.156228 0.000000 0.987721 0.458119 0.458119 0.458119
5163.846191 0.000000 2410.005371 0.000000 0.809521 0.000000 -0.587091 0.881291 0.881291 0.881291
5174.481445 0.000000 2399.746338 0.000000 0.999301 0.000000 -0.037391 0.757615 0.757615 0.757615
5163.525879 0.000000 2399.424316 0.000000 0.590339 0.000000 0.807156 0.552928 0.552928 0.552928
5169.101562 0.000000 2405.938721 0.000000 0.634444 0.000000 -0.772969 0.932882 0.932882 0.932882
5173.526367 0.000000 2419.854980 0.000000 0.242959 0.000000 0.970037 0.475653 0.475653 0.475653
5176.373047 0.000000 2406.311035 0.000000 0.955954 0.000000 -0.293515 0.811497 0.811497 0.811497
5174.753906 0.000000 2414.483154 0.000000 0.913582 0.000000 -0.406655 0.836687 0.836687 0.836687
5181.698242 0.000000 2429.597412 0.000000 0.931345 0.000000 -0.364138 0.827148 0.827148 0.827148
5177.478516 0.000000 2422.053711 0.000000 0.825600 0.000000 0.564256 0.625900 0.625900 0.625900
5166.799316 0.000000 2414.006104 0.000000 0.249435 0.000000 -0.968392 1.022224 1.022224 1.022224
5172.739746 0.000000 2407.750977 0.000000 0.244251 0.000000 0.969712 0.475928 0.475928 0.475928
5170.480957 0.000000 2426.240723 0.000000 0.182459 0.000000 -0.983214 1.037166 1.037166 1.037166
5171.543945 0.000000 2412.165283 0.000000 0.341513 0.000000 -0.939877 1.003004 1.003004 1.003004
5181.574219 0.000000 2402.574951 0.000000 0.360208 0.000000 0.932872 0.503830 0.503830 0.503830
5180.989746 0.000000 2417.190918 0.000000 0.752537 0.000000 0.658550 0.600790 0.600790 0.600790
5179.518066 0.000000 2409.625488 0.000000 0.826072 0.000000 0.563565 0.626746 0.626746 0.626746
5176.640625 0.000000 2402.691162 0.000000 0.460809 0.000000 0.887500 0.526437 0.526437 0.526437
5169.358398 0.000000 2419.189453 0.000000 0.023582 0.000000 -0.999722 1.069396 1.069396 1.069396
5182.001465 0.000000 2399.598389 0.000000 0.425206 0.000000 0.905096 0.518306 0.518306 0.518306
5193.850586 0.000000 2396.945068 0.000000 0.417388 0.000000 0.908728 0.515900 0.515900 0.515900
5184.118652 0.000000 2375.350098 0.000000 0.479514 0.000000 -0.877534 0.972230 0.972230 0.972230
5207.506836 0.000000 2378.393555 0.000000 0.856513 0.000000 0.516125 0.636524 0.636524 0.636524
5211.687988 0.000000 2393.598877 0.000000 0.957802 0.000000 0.287427 0.688998 0.688998 0.688998
5194.854492 0.000000 2383.137695 0.000000 0.683328 0.000000 -0.730112 0.916664 0.916664 0.916664
5197.551270 0.000000 2371.254150 0.000000 0.998757 0.000000 -0.049851 0.760435 0.760435 0.760435
5184.355469 0.000000 2388.927490 0.000000 0.322183 0.000000 -0.946678 1.001661 1.001661 1.001661
5210.894043 0.000000 2367.798096 0.000000 0.950627 0.000000 0.310336 0.682911 0.682911 0.682911
5201.970215 0.000000 2390.380615 0.000000 0.389137 0.000000 -0.921180 0.991096 0.991096 0.991096
5209.358887 0.000000 2385.900879 0.000000 0.064979 0.000000 -0.997887 1.065071 1.065071 1.065071
5186.245605 0.000000 2397.302734 0.000000 0.511777 0.000000 -0.859118 0.960455 0.960455 0.960455
5190.708008 0.000000 2368.175293 0.000000 0.894184 0.000000 0.447701 0.652611 0.652611 0.652611
5191.795410 0.000000 2376.199951 0.000000 0.874163 0.000000 0.485633 0.645890 0.645890 0.645890
5203.784668 0.000000 2397.889404 0.000000 0.903110 0.000000 -0.429409 0.843368 0.843368 0.843368
5192.225586 0.000000 2389.974365 0.000000 0.973535 0.000000 -0.228540 0.796951 0.796951 0.796951
5200.332031 0.000000 2378.217529 0.000000 0.804496 0.000000 0.593958 0.618715 0.618715 0.618715
5204.887207 0.000000 2371.862061 0.000000 0.052694 0.000000 -0.998611 1.069351 1.069351 1.069351
5187.333496 0.000000 2381.981445 0.000000 0.115697 0.000000 -0.993285 1.047058 1.047058 1.047058
5212.573242 0.000000 2374.184570 0.000000 0.477469 0.000000 -0.878648 0.977535 0.977535 0.977535
5202.307617 0.000000 2384.136230 0.000000 0.457922 0.000000 0.888993 0.523926 0.523926 0.523926
5213.247559 0.000000 2380.987305 0.000000 0.371353 0.000000 -0.928492 1.001073 1.001073 1.001073
5196.937012 0.000000 2392.431152 0.000000 0.321013 0.000000 -0.947075 1.004706 1.004706 1.004706
5206.423828 0.000000 2392.951416 0.000000 0.336547 0.000000 -0.941667 1.007544 1.007544 1.007544
5213.416016 0.000000 2388.889404 0.000000 0.990703 0.000000 -0.136042 0.778708 0.778708 0.778708
5188.388184 0.000000 2372.669922 0.000000 0.745353 0.000000 -0.666670 0.901871 0.901871 0.901871
5201.265625 0.000000 2367.888184 0.000000 0.959974 0.000000 -0.280089 0.809879 0.809879 0.809879
5197.756348 0.000000 2387.466553 0.000000 0.971638 0.000000 0.236473 0.701388 0.701388 0.701388
5187.560059 0.000000 2392.521484 0.000000 0.406010 0.000000 0.913868 0.517222 0.517222 0.517222
5190.884766 0.000000 2385.564941 0.000000 0.428855 0.000000 -0.903373 0.978968 0.978968 0.978968
5199.343262 0.000000 2396.814209 0.000000 0.246034 0.000000 0.969261 0.474824 0.474824 0.474824
5208.510742 0.000000 2396.990723 0.000000 0.995251 0.000000 -0.097345 0.770510 0.770510 0.770510
5195.842285 0.000000 2378.013184 0.000000 0.263582 0.000000 0.964637 0.483728 0.483728 0.483728
5183.647949 0.000000 2384.561035 0.000000 0.555443 0.000000 0.831555 0.551715 0.551715 0.551715
5183.373535 0.000000 2393.619629 0.000000 0.752231 0.000000 -0.658900 0.895266 0.895266 0.895266
5201.097656 0.000000 2373.946533 0.000000 0.278017 0.000000 -0.960576 1.019727 1.019727 1.019727
5205.522461 0.000000 2387.862793 0.000000 0.358209 0.000000 0.933641 0.499332 0.499332 0.499332
5191.382812 0.000000 2380.443848 0.000000 0.994904 0.000000 -0.100825 0.770622 0.770622 0.770622
5206.750000 0.000000 2382.490967 0.000000 0.014852 0.000000 -0.999890 1.074695 1.074695 1.074695
5193.059570 0.000000 2372.168457 0.000000 0.589923 0.000000 -0.807460 0.945069 0.945069 0.945069
5187.826172 0.000000 2377.478760 0.000000 0.308596 0.000000 0.951193 0.491203 0.491203 0.491203
5183.898926 0.000000 2379.583252 0.000000 0.996750 0.000000 0.080558 0.733533 0.733533 0.733533
5198.795410 0.000000 2382.013916 0.000000 0.804932 0.000000 0.593367 0.620294 0.620294 0.620294
5191.357910 0.000000 2393.784668 0.000000 0.925677 0.000000 -0.378314 0.828783 0.828783 0.828783
5188.166016 0.000000 2388.360352 0.000000 0.660059 0.000000 0.751214 0.577417 0.577417 0.577417
5203.540039 0.000000 2380.173096 0.000000 0.731639 0.000000 -0.681692 0.905261 0.905261 0.905261
5195.728027 0.000000 2374.450195 0.000000 0.757674 0.000000 0.652633 0.603614 0.603614 0.603614
5190.083984 0.000000 2397.006104 0.000000 0.786581 0.000000 -0.617487 0.885895 0.885895 0.885895
5194.311035 0.000000 2386.667236 0.000000 0.773770 0.000000 -0.633466 0.889691 0.889691 0.889691
5187.115723 0.000000 2385.409424 0.000000 0.102171 0.000000 -0.994767 1.047362 1.047362 1.047362
5201.354492 0.000000 2387.197266 0.000000 0.987496 0.000000 -0.157642 0.782501 0.782501 0.782501
5195.326172 0.000000 2389.611572 0.000000 0.997753 0.000000 0.066996 0.736348 0.736348 0.736348
5194.332031 0.000000 2393.888672 0.000000 0.597737 0.000000 0.801692 0.560604 0.560604 0.560604
5199.325684 0.000000 2384.913818 0.000000 0.782858 0.000000 -0.622200 0.887121 0.887121 0.887121
5183.461914 0.000000 2396.612061 0.000000 0.845119 0.000000 0.534578 0.635154 0.635154 0.635154
5199.050293 0.000000 2389.977295 0.000000 0.243062 0.000000 -0.970011 1.021348 1.021348 1.021348
5190.044922 0.000000 2382.914062 0.000000 0.043303 0.000000 0.999062 0.438967 0.438967 0.438967
5188.010254 0.000000 2395.302002 0.000000 0.954366 0.000000 0.298640 0.688418 0.688418 0.688418
5190.021973 0.000000 2391.533447 0.000000 0.954436 0.000000 -0.298417 0.811365 0.811365 0.811365
5184.996094 0.000000 2391.475830 0.000000 0.566153 0.000000 -0.824300 0.945128 0.945128 0.945128
5225.846680 0.000000 2396.945068 0.000000 0.613808 0.000000 -0.789455 0.939371 0.939371 0.939371
5216.114746 0.000000 2375.350098 0.000000 0.799683 0.000000 0.600422 0.612710 0.612710 0.612710
5239.502930 0.000000 2378.393555 0.000000 0.035629 0.000000 -0.999365 1.078118 1.078118 1.078118
5243.684082 0.000000 2393.598877 0.000000 0.267053 0.000000 -0.963682 1.026494 1.026494 1.026494
5226.850586 0.000000 2383.137695 0.000000 0.790331 0.000000 0.612680 0.610164 0.610164 0.610164
5216.351562 0.000000 2388.927490 0.000000 0.360912 0.000000 -0.932600 1.003440 1.003440 1.003440
5233.966309 0.000000 2390.380615 0.000000 0.863497 0.000000 -0.504354 0.860909 0.860909 0.860909
5241.354980 0.000000 2385.900879 0.000000 0.950448 0.000000 0.310882 0.682611 0.682611 0.682611
5218.241699 0.000000 2397.302734 0.000000 0.018898 0.000000 0.999821 0.424406 0.424406 0.424406
5235.780762 0.000000 2397.889404 0.000000 0.666587 0.000000 0.745428 0.574463 0.574463 0.574463
5224.221680 0.000000 2389.974365 0.000000 0.987902 0.000000 -0.155082 0.782756 0.782756 0.782756
5219.329590 0.000000 2381.981445 0.000000 0.905458 0.000000 0.424436 0.656804 0.656804 0.656804
5234.303711 0.000000 2384.136230 0.000000 0.460979 0.000000 0.887411 0.518505 0.518505 0.518505
5228.933105 0.000000 2392.431152 0.000000 0.158792 0.000000 0.987312 0.455484 0.455484 0.455484
5238.419922 0.000000 2392.951416 0.000000 0.348895 0.000000 -0.937162 1.006151 1.006151 1.006151
5229.752441 0.000000 2387.466553 0.000000 0.998013 0.000000 0.063009 0.736701 0.736701 0.736701
5219.556152 0.000000 2392.521484 0.000000 0.999947 0.000000 0.010322 0.747829 0.747829 0.747829
5231.339355 0.000000 2396.814209 0.000000 0.705530 0.000000 -0.708680 0.913477 0.913477 0.913477
5240.506836 0.000000 2396.990723 0.000000 0.211448 0.000000 0.977389 0.463616 0.463616 0.463616
5215.644043 0.000000 2384.561035 0.000000 0.914123 0.000000 0.405438 0.662181 0.662181 0.662181
5215.369629 0.000000 2393.619629 0.000000 0.512827 0.000000 0.858492 0.532835 0.532835 0.532835
5193.850586 0.000000 2428.937256 0.000000 0.953202 0.000000 -0.302335 0.813922 0.813922 0.813922
5184.118652 0.000000 2407.342285 0.000000 0.029173 0.000000 0.999574 0.431758 0.431758 0.431758
5207.506836 0.000000 2410.385742 0.000000 0.802640 0.000000 -0.596464 0.885160 0.885160 0.885160
5211.687988 0.000000 2425.591064 0.000000 0.421112 0.000000 0.907009 0.512913 0.512913 0.512913
5194.854492 0.000000 2415.129883 0.000000 0.015827 0.000000 -0.999875 1.076238 1.076238 1.076238
5197.551270 0.000000 2403.246338 0.000000 0.907394 0.000000 -0.420282 0.840516 0.840516 0.840516
5184.355469 0.000000 2420.919678 0.000000 0.955306 0.000000 -0.295619 0.812626 0.812626 0.812626
5210.894043 0.000000 2399.790283 0.000000 0.373251 0.000000 0.927730 0.500026 0.500026 0.500026
5201.970215 0.000000 2422.372803 0.000000 0.686946 0.000000 -0.726708 0.921136 0.921136 0.921136
5209.358887 0.000000 2417.893066 0.000000 0.128526 0.000000 -0.991706 1.053329 1.053329 1.053329
5186.245605 0.000000 2429.294922 0.000000 0.439620 0.000000 -0.898184 0.982181 0.982181 0.982181
5190.708008 0.000000 2400.167480 0.000000 0.949223 0.000000 0.314603 0.684113 0.684113 0.684113
5191.795410 0.000000 2408.192139 0.000000 0.193586 0.000000 0.981083 0.460541 0.460541 0.460541
5203.784668 0.000000 2429.881592 0.000000 0.803035 0.000000 -0.595932 0.882868 0.882868 0.882868
5192.225586 0.000000 2421.966553 0.000000 0.876776 0.000000 -0.480898 0.854972 0.854972 0.854972
5200.332031 0.000000 2410.209717 0.000000 0.418076 0.000000 -0.908412 0.990985 0.990985 0.990985
5204.887207 0.000000 2403.854248 0.000000 0.412372 0.000000 0.911016 0.508976 0.508976 0.508976
5187.333496 0.000000 2413.973633 0.000000 0.268385 0.000000 -0.963312 1.020363 1.020363 1.020363
5212.573242 0.000000 2406.176758 0.000000 0.609833 0.000000 -0.792530 0.941959 0.941959 0.941959
5202.307617 0.000000 2416.128418 0.000000 0.999409 0.000000 -0.034365 0.757250 0.757250 0.757250
5213.247559 0.000000 2412.979492 0.000000 0.997255 0.000000 0.074045 0.734492 0.734492 0.734492
5196.937012 0.000000 2424.423340 0.000000 0.991670 0.000000 0.128807 0.723046 0.723046 0.723046
5206.423828 0.000000 2424.943604 0.000000 0.995335 0.000000 -0.096476 0.770218 0.770218 0.770218
5213.416016 0.000000 2420.881592 0.000000 0.619546 0.000000 0.784960 0.561639 0.561639 0.561639
5188.388184 0.000000 2404.662109 0.000000 0.843428 0.000000 -0.537243 0.867719 0.867719 0.867719
5201.265625 0.000000 2399.880371 0.000000 0.943861 0.000000 0.330344 0.679555 0.679555 0.679555
5197.756348 0.000000 2419.458740 0.000000 0.647576 0.000000 0.762001 0.568227 0.568227 0.568227
5187.560059 0.000000 2424.513672 0.000000 0.495832 0.000000 0.868418 0.530468 0.530468 0.530468
5190.884766 0.000000 2417.557129 0.000000 0.905677 0.000000 0.423968 0.658389 0.658389 0.658389
5199.343262 0.000000 2428.806396 0.000000 0.955604 0.000000 -0.294654 0.812247 0.812247 0.812247
5208.510742 0.000000 2428.982910 0.000000 0.988944 0.000000 -0.148286 0.781059 0.781059 0.781059
5195.842285 0.000000 2410.005371 0.000000 0.976214 0.000000 0.216809 0.704026 0.704026 0.704026
5183.647949 0.000000 2416.553223 0.000000 0.961521 0.000000 0.274730 0.692079 0.692079 0.692079
5206.477539 0.000000 2399.746338 0.000000 0.888245 0.000000 0.459370 0.649596 0.649596 0.649596
5195.521973 0.000000 2399.424316 0.000000 0.387861 0.000000 0.921718 0.507301 0.507301 0.507301
5183.373535 0.000000 2425.611816 0.000000 0.622103 0.000000 0.782935 0.563835 0.563835 0.563835
5201.097656 0.000000 2405.938721 0.000000 0.525245 0.000000 -0.850951 0.963537 0.963537 0.963537
5205.522461 0.000000 2419.854980 0.000000 0.986154 0.000000 0.165830 0.715047 0.715047 0.715047
5193.059570 0.000000 2404.160645 0.000000 0.937123 0.000000 0.348998 0.675605 0.675605 0.675605
5187.826172 0.000000 2409.470947 0.000000 0.976141 0.000000 -0.217136 0.795430 0.795430 0.795430
5213.694336 0.000000 2429.597412 0.000000 0.286627 0.000000 0.958042 0.482151 0.482151 0.482151
5183.898926 0.000000 2411.575439 0.000000 0.976515 0.000000 -0.215450 0.794950 0.794950 0.794950
5184.853516 0.000000 2400.657227 0.000000 0.625392 0.000000 -0.780311 0.933786 0.933786 0.933786
5183.393066 0.000000 2403.801025 0.000000 0.926728 0.000000 0.375733 0.671134 0.671134 0.671134
5187.845703 0.000000 2401.578857 0.000000 0.599926 0.000000 -0.800055 0.940402 0.940402 0.940402
5225.846680 0.000000 2428.937256 0.000000 0.384683 0.000000 0.923049 0.501304 0.501304 0.501304
5216.114746 0.000000 2407.342285 0.000000 0.830380 0.000000 0.557198 0.627000 0.627000 0.627000
5239.502930 0.000000 2410.385742 0.000000 0.789648 0.000000 -0.613560 0.888217 0.888217 0.888217
5243.684082 0.000000 2425.591064 0.000000 0.590792 0.000000 -0.806824 0.950119 0.950119 0.950119
5226.850586 0.000000 2415.129883 0.000000 0.976248 0.000000 0.216655 0.704795 0.704795 0.704795
5229.547363 0.000000 2403.246338 0.000000 0.488150 0.000000 -0.872760 0.969586 0.969586 0.969586
5216.351562 0.000000 2420.919678 0.000000 0.921975 0.000000 -0.387249 0.832757 0.832757 0.832757
5242.890137 0.000000 2399.790283 0.000000 0.568773 0.000000 -0.822494 0.954795 0.954795 0.954795
5233.966309 0.000000 2422.372803 0.000000 0.593061 0.000000 -0.805158 0.946890 0.946890 0.946890
5241.354980 0.000000 2417.893066 0.000000 0.591438 0.000000 0.806351 0.551633 0.551633 0.551633
5218.241699 0.000000 2429.294922 0.000000 0.947489 0.000000 -0.319788 0.818292 0.818292 0.818292
5222.704102 0.000000 2400.167480 0.000000 0.267837 0.000000 -0.963464 1.020481 1.020481 1.020481
5223.791504 0.000000 2408.192139 0.000000 0.334087 0.000000 0.942542 0.495363 0.495363 0.495363
5235.780762 0.000000 2429.881592 0.000000 0.961329 0.000000 -0.275402 0.809321 0.809321 0.809321
5224.221680 0.000000 2421.966553 0.000000 0.840418 0.000000 -0.541939 0.869520 0.869520 0.869520
5232.328125 0.000000 2410.209717 0.000000 0.976683 0.000000 -0.214687 0.795031 0.795031 0.795031
5236.883301 0.000000 2403.854248 0.000000 0.944602 0.000000 -0.328219 0.819974 0.819974 0.819974
5219.329590 0.000000 2413.973633 0.000000 0.739886 0.000000 0.672732 0.596430 0.596430 0.596430
5244.569336 0.000000 2406.176758 0.000000 0.747798 0.000000 0.663926 0.596039 0.596039 0.596039
5234.303711 0.000000 2416.128418 0.000000 0.845356 0.000000 0.534203 0.632395 0.632395 0.632395
5228.933105 0.000000 2424.423340 0.000000 0.106000 0.000000 0.994366 0.442722 0.442722 0.442722
5220.384277 0.000000 2404.662109 0.000000 0.981761 0.000000 -0.190120 0.789487 0.789487 0.789487
5233.261719 0.000000 2399.880371 0.000000 0.922738 0.000000 0.385428 0.667653 0.667653 0.667653
5229.752441 0.000000 2419.458740 0.000000 0.488209 0.000000 0.872727 0.529236 0.529236 0.529236
5219.556152 0.000000 2424.513672 0.000000 0.291872 0.000000 -0.956457 1.015986 1.015986 1.015986
5222.880859 0.000000 2417.557129 0.000000 0.696453 0.000000 0.717603 0.583431 0.583431 0.583431
5227.838379 0.000000 2410.005371 0.000000 0.980739 0.000000 0.195323 0.709307 0.709307 0.709307
5215.644043 0.000000 2416.553223 0.000000 0.647879 0.000000 0.761743 0.569283 0.569283 0.569283
5238.473633 0.000000 2399.746338 0.000000 1.000000 0.000000 0.000627 0.749868 0.749868 0.749868
5227.518066 0.000000 2399.424316 0.000000 0.572736 0.000000 0.819740 0.551087 0.551087 0.551087
5215.369629 0.000000 2425.611816 0.000000 0.988789 0.000000 0.149317 0.718724 0.718724 0.718724
5233.093750 0.000000 2405.938721 0.000000 0.739970 0.000000 0.672640 0.596871 0.596871 0.596871
5223.378906 0.000000 2412.436035 0.000000 0.999844 0.000000 -0.017686 0.753661 0.753661 0.753661
5225.055664 0.000000 2404.160645 0.000000 0.538611 0.000000 -0.842554 0.956848 0.956848 0.956848
5219.822266 0.000000 2409.470947 0.000000 0.929231 0.000000 -0.369500 0.828554 0.828554 0.828554
5215.895020 0.000000 2411.575439 0.000000 0.220530 0.000000 0.975380 0.467850 0.467850 0.467850
5230.791504 0.000000 2414.006104 0.000000 0.983305 0.000000 -0.181967 0.787877 0.787877 0.787877
5227.724121 0.000000 2406.442383 0.000000 0.954647 0.000000 -0.297739 0.812410 0.812410 0.812410
5248.347656 0.000000 2420.919678 0.000000 0.998143 0.000000 0.060907 0.736974 0.736974 0.736974
5143.514648 0.000000 2442.377930 0.000000 0.983885 0.000000 -0.178801 0.788524 0.788524 0.788524
5146.901855 0.000000 2431.782471 0.000000 0.689688 0.000000 0.724107 0.577385 0.577385 0.577385
5152.122559 0.000000 2439.334473 0.000000 0.983237 0.000000 -0.182333 0.788984 0.788984 0.788984
5175.510742 0.000000 2442.377930 0.000000 0.176678 0.000000 -0.984269 1.040730 1.040730 1.040730
5179.691895 0.000000 2457.583252 0.000000 0.233686 0.000000 0.972312 0.466178 0.466178 0.466178
5162.858398 0.000000 2447.122070 0.000000 0.780102 0.000000 0.625652 0.607041 0.607041 0.607041
5165.555176 0.000000 2435.238525 0.000000 0.995726 0.000000 -0.092357 0.769248 0.769248 0.769248
5178.897949 0.000000 2431.782471 0.000000 0.790295 0.000000 -0.612726 0.886144 0.886144 0.886144
5169.974121 0.000000 2454.364990 0.000000 0.849436 0.000000 -0.527692 0.868187 0.868187 0.868187
5177.362793 0.000000 2449.885254 0.000000 0.747770 0.000000 0.663958 0.597254 0.597254 0.597254
5158.711914 0.000000 2432.159668 0.000000 0.906308 0.000000 -0.422617 0.841544 0.841544 0.841544
5159.799316 0.000000 2440.184326 0.000000 0.642067 0.000000 -0.766648 0.934758 0.934758 0.934758
5168.335938 0.000000 2442.201904 0.000000 0.750544 0.000000 0.660821 0.598946 0.598946 0.598946
5172.891113 0.000000 2435.846436 0.000000 0.296475 0.000000 -0.955041 1.013555 1.013555 1.013555
5180.577148 0.000000 2438.168945 0.000000 0.340089 0.000000 0.940393 0.494620 0.494620 0.494620
5170.311523 0.000000 2448.120605 0.000000 0.988838 0.000000 -0.148995 0.781461 0.781461 0.781461
5181.251465 0.000000 2444.971680 0.000000 0.392115 0.000000 0.919916 0.505633 0.505633 0.505633
5156.392090 0.000000 2436.654297 0.000000 0.393344 0.000000 -0.919391 0.996708 0.996708 0.996708
5169.269531 0.000000 2431.872559 0.000000 0.882934 0.000000 -0.469497 0.851163 0.851163 0.851163
5163.846191 0.000000 2441.997559 0.000000 0.920206 0.000000 -0.391433 0.834381 0.834381 0.834381
5174.481445 0.000000 2431.738525 0.000000 0.312374 0.000000 -0.949959 1.008683 1.008683 1.008683
5163.525879 0.000000 2431.416504 0.000000 0.157311 0.000000 0.987549 0.456758 0.456758 0.456758
5169.101562 0.000000 2437.930908 0.000000 0.339097 0.000000 -0.940751 1.004224 1.004224 1.004224
5176.373047 0.000000 2438.303223 0.000000 0.178340 0.000000 -0.983969 1.040378 1.040378 1.040378
5174.753906 0.000000 2446.475342 0.000000 0.995164 0.000000 -0.098230 0.770587 0.770587 0.770587
5161.063477 0.000000 2436.152832 0.000000 0.809245 0.000000 0.587472 0.618610 0.618610 0.618610
5172.739746 0.000000 2439.743164 0.000000 0.988833 0.000000 0.149028 0.718868 0.718868 0.718868
5181.574219 0.000000 2434.567139 0.000000 0.524973 0.000000 -0.851119 0.961888 0.961888 0.961888
5193.850586 0.000000 2460.929443 0.000000 0.434341 0.000000 -0.900749 0.989702 0.989702 0.989702
5184.118652 0.000000 2439.334473 0.000000 0.938575 0.000000 -0.345076 0.823522 0.823522 0.823522
5207.506836 0.000000 2442.377930 0.000000 0.370988 0.000000 -0.928638 0.997812 0.997812 0.997812
5211.687988 0.000000 2457.583252 0.000000 0.703512 0.000000 0.710683 0.581937 0.581937 0.581937
5194.854492 0.000000 2447.122070 0.000000 0.941333 0.000000 -0.337479 0.822222 0.822222 0.822222
5197.551270 0.000000 2435.238525 0.000000 0.873138 0.000000 -0.487472 0.855686 0.855686 0.855686
5184.355469 0.000000 2452.911865 0.000000 0.368515 0.000000 -0.929622 1.003058 1.003058 1.003058
5210.894043 0.000000 2431.782471 0.000000 0.414578 0.000000 0.910014 0.512055 0.512055 0.512055
5201.970215 0.000000 2454.364990 0.000000 0.803046 0.000000 -0.595917 0.885374 0.885374 0.885374
5209.358887 0.000000 2449.885254 0.000000 0.932042 0.000000 0.362350 0.671999 0.671999 0.671999
5190.708008 0.000000 2432.159668 0.000000 0.737683 0.000000 -0.675148 0.904250 0.904250 0.904250
5191.795410 0.000000 2440.184326 0.000000 0.959041 0.000000 -0.283267 0.809771 0.809771 0.809771
5192.225586 0.000000 2453.958740 0.000000 0.994063 0.000000 0.108806 0.726943 0.726943 0.726943
5200.332031 0.000000 2442.201904 0.000000 0.670223 0.000000 0.742160 0.575483 0.575483 0.575483
5204.887207 0.000000 2435.846436 0.000000 0.324926 0.000000 -0.945739 1.007342 1.007342 1.007342
5187.333496 0.000000 2445.965820 0.000000 0.992372 0.000000 -0.123276 0.775791 0.775791 0.775791
5212.573242 0.000000 2438.168945 0.000000 0.716233 0.000000 0.697861 0.587946 0.587946 0.587946
5202.307617 0.000000 2448.120605 0.000000 0.618464 0.000000 0.785813 0.560335 0.560335 0.560335
5213.247559 0.000000 2444.971680 0.000000 0.952421 0.000000 -0.304786 0.815327 0.815327 0.815327
5188.388184 0.000000 2436.654297 0.000000 0.543676 0.000000 -0.839295 0.957283 0.957283 0.957283
5201.265625 0.000000 2431.872559 0.000000 0.889057 0.000000 -0.457797 0.848696 0.848696 0.848696
5197.756348 0.000000 2451.450928 0.000000 0.995120 0.000000 0.098669 0.729154 0.729154 0.729154
5190.884766 0.000000 2449.549316 0.000000 0.853839 0.000000 -0.520537 0.865171 0.865171 0.865171
5195.842285 0.000000 2441.997559 0.000000 0.672085 0.000000 -0.740474 0.923524 0.923524 0.923524
5206.477539 0.000000 2431.738525 0.000000 0.536531 0.000000 -0.843881 0.959050 0.959050 0.959050
5195.521973 0.000000 2431.416504 0.000000 0.320406 0.000000 -0.947280 1.009032 1.009032 1.009032
5201.097656 0.000000 2437.930908 0.000000 0.256619 0.000000 -0.966513 1.022164 1.022164 1.022164
5191.382812 0.000000 2444.428223 0.000000 0.945642 0.000000 -0.325210 0.819308 0.819308 0.819308
5208.369141 0.000000 2438.303223 0.000000 0.874727 0.000000 -0.484615 0.855576 0.855576 0.855576
5206.750000 0.000000 2446.475342 0.000000 0.630405 0.000000 -0.776267 0.935958 0.935958 0.935958
5193.059570 0.000000 2436.152832 0.000000 0.332630 0.000000 -0.943058 1.006341 1.006341 1.006341
5187.826172 0.000000 2441.463135 0.000000 0.865455 0.000000 0.500986 0.640498 0.640498 0.640498
5183.898926 0.000000 2443.567627 0.000000 0.233008 0.000000 0.972475 0.471281 0.471281 0.471281
5184.853516 0.000000 2432.649414 0.000000 0.365226 0.000000 -0.930919 0.999101 0.999101 0.999101
5204.735840 0.000000 2439.743164 0.000000 0.985376 0.000000 0.170391 0.714365 0.714365 0.714365
5216.114746 0.000000 2439.334473 0.000000 0.988655 0.000000 -0.150201 0.781802 0.781802 0.781802
5229.547363 0.000000 2435.238525 0.000000 0.930972 0.000000 -0.365091 0.829670 0.829670 0.829670
5216.351562 0.000000 2452.911865 0.000000 0.592460 0.000000 -0.805600 0.949677 0.949677 0.949677
5242.890137 0.000000 2431.782471 0.000000 0.083721 0.000000 -0.996489 1.067820 1.067820 1.067820
5222.704102 0.000000 2432.159668 0.000000 0.946088 0.000000 0.323909 0.680239 0.680239 0.680239
5223.791504 0.000000 2440.184326 0.000000 0.996674 0.000000 -0.081491 0.767391 0.767391 0.767391
5219.329590 0.000000 2445.965820 0.000000 0.323642 0.000000 0.946179 0.486101 0.486101 0.486101
5210.894043 0.000000 2463.774658 0.000000 0.150608 0.000000 0.988594 0.446578 0.446578 0.446578
6021.129883 0.000000 3016.857422 0.000000 0.998120 0.000000 -0.061286 0.756287 0.756287 0.756287
6020.223633 0.000000 3016.389893 0.000000 0.591092 0.000000 -0.806604 0.846198 0.846198 0.846198
6021.445801 0.000000 3017.661621 0.000000 0.983611 0.000000 -0.180305 0.768585 0.768585 0.768585
4603.762207 0.000000 3097.427002 0.000000 0.687421 0.000000 -0.726259 0.923738 0.923738 0.923738
4595.858887 0.000000 3101.717529 0.000000 0.911397 0.000000 0.411527 0.662684 0.662684 0.662684
4591.417480 0.000000 3100.642334 0.000000 0.266365 0.000000 -0.963872 1.017144 1.017144 1.017144
4605.768555 0.000000 3101.433350 0.000000 0.902540 0.000000 -0.430607 0.841397 0.841397 0.841397
4603.235840 0.000000 3100.496582 0.000000 0.999666 0.000000 0.025861 0.744850 0.744850 0.744850
4598.284180 0.000000 3102.060059 0.000000 0.922612 0.000000 0.385729 0.683156 0.683156 0.683156
4602.203125 0.000000 3102.336426 0.000000 0.450640 0.000000 -0.892706 0.943054 0.943054 0.943054
4600.280762 0.000000 3102.676270 0.000000 0.819955 0.000000 0.572428 0.646781 0.646781 0.646781
4596.839355 0.000000 3103.209961 0.000000 0.519979 0.000000 0.854179 0.566803 0.566803 0.566803
4571.766113 0.000000 3129.419189 0.000000 0.428785 0.000000 -0.903407 0.988485 0.988485 0.988485
4574.499023 0.000000 3130.422852 0.000000 0.221273 0.000000 -0.975212 1.023663 1.023663 1.023663
4573.684570 0.000000 3127.381592 0.000000 0.804057 0.000000 -0.594552 0.878934 0.878934 0.878934
4574.905762 0.000000 3122.644775 0.000000 0.313852 0.000000 0.949472 0.502887 0.502887 0.502887
4585.924805 0.000000 3132.765381 0.000000 0.952357 0.000000 0.304985 0.686370 0.686370 0.686370
4576.192871 0.000000 3111.170410 0.000000 0.336783 0.000000 -0.941582 0.999908 0.999908 0.999908
4578.319824 0.000000 3133.123047 0.000000 0.593031 0.000000 -0.805180 0.939537 0.939537 0.939537
4582.782227 0.000000 3103.995605 0.000000 0.938789 0.000000 -0.344493 0.824183 0.824183 0.824183
4595.858887 0.000000 3133.709717 0.000000 0.205756 0.000000 -0.978603 1.029952 1.029952 1.029952
4584.299805 0.000000 3125.794678 0.000000 0.692201 0.000000 -0.721705 0.909193 0.909193 0.909193
4589.011230 0.000000 3128.251465 0.000000 0.079585 0.000000 0.996828 0.449720 0.449720 0.449720
4582.958984 0.000000 3121.385254 0.000000 0.095538 0.000000 -0.995426 1.061141 1.061141 1.061141
4591.417480 0.000000 3132.634521 0.000000 0.555137 0.000000 -0.831759 0.956635 0.956635 0.956635
4587.596191 0.000000 3103.252441 0.000000 0.768768 0.000000 0.639528 0.608318 0.608318 0.608318
4575.973145 0.000000 3115.403564 0.000000 0.957807 0.000000 -0.287413 0.810999 0.810999 0.810999
4594.551270 0.000000 3130.068848 0.000000 0.921604 0.000000 0.388132 0.677791 0.677791 0.677791
4606.071777 0.000000 3103.426514 0.000000 0.630200 0.000000 0.776433 0.569480 0.569480 0.569480
4590.417480 0.000000 3104.297607 0.000000 0.927496 0.000000 -0.373833 0.820484 0.820484 0.820484
4597.274414 0.000000 3131.258301 0.000000 0.852286 0.000000 -0.523076 0.855284 0.855284 0.855284
4589.012695 0.000000 3131.044678 0.000000 0.627577 0.000000 0.778554 0.567792 0.567792 0.567792
4605.680664 0.000000 3127.381592 0.000000 0.090212 0.000000 -0.995923 1.036490 1.036490 1.036490
4578.973633 0.000000 3110.696045 0.000000 0.329570 0.000000 -0.944131 0.984817 0.984817 0.984817
4577.070312 0.000000 3127.296143 0.000000 0.251905 0.000000 0.967752 0.508615 0.508615 0.508615
4603.059082 0.000000 3123.760010 0.000000 0.989852 0.000000 0.142099 0.727054 0.727054 0.727054
4576.682129 0.000000 3117.999512 0.000000 0.032763 0.000000 -0.999463 1.052813 1.052813 1.052813
4577.831055 0.000000 3130.087402 0.000000 0.309111 0.000000 -0.951026 0.999510 0.999510 0.999510
4606.901855 0.000000 3122.644775 0.000000 0.787600 0.000000 0.616186 0.634953 0.634953 0.634953
4606.259766 0.000000 3118.984863 0.000000 0.941480 0.000000 -0.337068 0.803591 0.803591 0.803591
4577.012207 0.000000 3122.389160 0.000000 0.486785 0.000000 0.873522 0.557542 0.557542 0.557542
4606.680664 0.000000 3108.822266 0.000000 0.200984 0.000000 0.979595 0.522855 0.522855 0.522855
4603.482422 0.000000 3127.153076 0.000000 0.337397 0.000000 -0.941362 0.974281 0.974281 0.974281
4602.542969 0.000000 3110.702148 0.000000 0.625691 0.000000 -0.780071 0.899529 0.899529 0.899529
4591.677734 0.000000 3106.118164 0.000000 0.715359 0.000000 0.698757 0.627665 0.627665 0.627665
4592.088867 0.000000 3130.596680 0.000000 0.759765 0.000000 0.650198 0.614215 0.614215 0.614215
4601.333008 0.000000 3127.983398 0.000000 0.920546 0.000000 -0.390635 0.819771 0.819771 0.819771
4602.705566 0.000000 3105.695801 0.000000 0.829291 0.000000 -0.558817 0.847759 0.847759 0.847759
4588.529785 0.000000 3105.142578 0.000000 0.840842 0.000000 -0.541281 0.853935 0.853935 0.853935
4607.384766 0.000000 3104.980713 0.000000 0.741161 0.000000 -0.671327 0.892426 0.892426 0.892426
4578.271484 0.000000 3123.944580 0.000000 0.999636 0.000000 0.026993 0.745853 0.745853 0.745853
4604.329102 0.000000 3118.571533 0.000000 0.931599 0.000000 -0.363488 0.805481 0.805481 0.805481
4604.561035 0.000000 3104.827637 0.000000 0.280823 0.000000 0.959760 0.527122 0.527122 0.527122
4592.426758 0.000000 3107.927734 0.000000 0.325592 0.000000 -0.945510 0.932717 0.932717 0.932717
4604.796387 0.000000 3122.864258 0.000000 0.980749 0.000000 0.195274 0.722566 0.722566 0.722566
4581.440430 0.000000 3125.613770 0.000000 0.597276 0.000000 0.802036 0.605448 0.605448 0.605448
4606.381836 0.000000 3110.705811 0.000000 0.835116 0.000000 -0.550073 0.844718 0.844718 0.844718
4604.605469 0.000000 3111.866455 0.000000 0.277742 0.000000 -0.960656 0.937221 0.937221 0.937221
4595.500488 0.000000 3131.677002 0.000000 0.923539 0.000000 -0.383504 0.821301 0.821301 0.821301
4607.026367 0.000000 3117.341064 0.000000 0.084045 0.000000 -0.996462 0.987582 0.987582 0.987582
4582.210449 0.000000 3130.930908 0.000000 0.520608 0.000000 -0.853796 0.927893 0.927893 0.927893
4604.029785 0.000000 3115.373047 0.000000 0.597439 0.000000 -0.801914 0.884067 0.884067 0.884067
4603.900879 0.000000 3125.344971 0.000000 0.942009 0.000000 -0.335586 0.798155 0.798155 0.798155
4595.625488 0.000000 3106.504639 0.000000 0.434575 0.000000 0.900636 0.566407 0.566407 0.566407
4605.083496 0.000000 3108.065186 0.000000 0.191515 0.000000 0.981490 0.551442 0.551442 0.551442
4594.342285 0.000000 3105.069580 0.000000 0.736233 0.000000 0.676728 0.636222 0.636222 0.636222
4603.035156 0.000000 3122.016602 0.000000 0.664825 0.000000 -0.746999 0.885754 0.885754 0.885754
4580.452637 0.000000 3126.950439 0.000000 0.999921 0.000000 -0.012598 0.752084 0.752084 0.752084
4606.640625 0.000000 3120.583496 0.000000 0.992090 0.000000 0.125528 0.730310 0.730310 0.730310
4579.527344 0.000000 3122.767334 0.000000 0.718081 0.000000 0.695959 0.631742 0.631742 0.631742
4581.782227 0.000000 3120.356689 0.000000 0.367736 0.000000 -0.929930 0.938837 0.938837 0.938837
4606.703125 0.000000 3115.810791 0.000000 0.609831 0.000000 -0.792531 0.890565 0.890565 0.890565
4604.098633 0.000000 3106.365967 0.000000 0.718942 0.000000 -0.695070 0.867205 0.867205 0.867205
4603.225586 0.000000 3109.297607 0.000000 0.998452 0.000000 -0.055622 0.758112 0.758112 0.758112
4582.098633 0.000000 3108.265381 0.000000 0.720234 0.000000 -0.693731 0.877687 0.877687 0.877687
4580.470215 0.000000 3110.166260 0.000000 0.301479 0.000000 0.953473 0.537967 0.537967 0.537967
4602.820801 0.000000 3112.160889 0.000000 0.993656 0.000000 -0.112463 0.768834 0.768834 0.768834
4579.307617 0.000000 3129.813965 0.000000 0.776268 0.000000 0.630403 0.630270 0.630270 0.630270
4583.899414 0.000000 3113.981934 0.000000 0.627991 0.000000 0.778221 0.601465 0.601465 0.601465
4587.350586 0.000000 3128.447998 0.000000 0.009335 0.000000 -0.999956 1.017080 1.017080 1.017080
4599.750977 0.000000 3105.200195 0.000000 0.575750 0.000000 0.817626 0.600244 0.600244 0.600244
4597.021973 0.000000 3106.082520 0.000000 0.636266 0.000000 0.771470 0.605224 0.605224 0.605224
4583.605957 0.000000 3108.036621 0.000000 0.996594 0.000000 0.082462 0.736250 0.736250 0.736250
4585.804688 0.000000 3106.638428 0.000000 0.691276 0.000000 0.722591 0.618225 0.618225 0.618225
4592.174316 0.000000 3104.711182 0.000000 0.986300 0.000000 0.164960 0.722679 0.722679 0.722679
4597.570801 0.000000 3104.755859 0.000000 0.945438 0.000000 -0.325802 0.796883 0.796883 0.796883
4582.726074 0.000000 3111.031494 0.000000 0.996174 0.000000 -0.087387 0.764868 0.764868 0.764868
4582.854492 0.000000 3126.146973 0.000000 0.905275 0.000000 0.424826 0.681605 0.681605 0.681605
4591.002930 0.000000 3107.475342 0.000000 0.875213 0.000000 0.483737 0.670160 0.670160 0.670160
4595.589355 0.000000 3107.947754 0.000000 0.807923 0.000000 -0.589288 0.853187 0.853187 0.853187
4583.284180 0.000000 3122.741943 0.000000 0.983414 0.000000 0.181374 0.723005 0.723005 0.723005
4600.011230 0.000000 3103.265869 0.000000 0.904443 0.000000 -0.426594 0.824641 0.824641 0.824641
4605.130371 0.000000 3113.162109 0.000000 0.782461 0.000000 0.622700 0.652772 0.652772 0.652772
4602.053711 0.000000 3107.083740 0.000000 0.998882 0.000000 0.047267 0.742842 0.742842 0.742842
4581.064453 0.000000 3114.287354 0.000000 0.418802 0.000000 0.908078 0.569948 0.569948 0.569948
4581.439941 0.000000 3123.510254 0.000000 0.878465 0.000000 -0.477806 0.825133 0.825133 0.825133
4599.391602 0.000000 3106.933350 0.000000 0.944444 0.000000 -0.328672 0.803708 0.803708 0.803708
4592.974609 0.000000 3105.768799 0.000000 0.389748 0.000000 0.920921 0.557035 0.557035 0.557035
4605.140625 0.000000 3119.691162 0.000000 0.839985 0.000000 -0.542610 0.835537 0.835537 0.835537
4580.478027 0.000000 3120.971191 0.000000 0.948489 0.000000 0.316809 0.699026 0.699026 0.699026
4578.300781 0.000000 3122.366211 0.000000 0.687371 0.000000 -0.726307 0.874892 0.874892 0.874892
4581.040039 0.000000 3128.122070 0.000000 0.563030 0.000000 -0.826436 0.906548 0.906548 0.906548
4606.684082 0.000000 3113.918213 0.000000 0.628709 0.000000 0.777641 0.609626 0.609626 0.609626
4602.645996 0.000000 3125.031738 0.000000 0.241150 0.000000 0.970488 0.563241 0.563241 0.563241
4598.134766 0.000000 3107.219238 0.000000 0.968922 0.000000 -0.247365 0.790087 0.790087 0.790087
4580.216309 0.000000 3125.426758 0.000000 0.260933 0.000000 -0.965357 0.952969 0.952969 0.952969
4605.866699 0.000000 3123.527832 0.000000 0.953948 0.000000 -0.299971 0.792527 0.792527 0.792527
4583.784180 0.000000 3124.609131 0.000000 0.504122 0.000000 0.863632 0.597462 0.597462 0.597462
4606.108887 0.000000 3121.694336 0.000000 1.000000 0.000000 0.000601 0.749906 0.749906 0.749906
4605.797852 0.000000 3109.644531 0.000000 0.985710 0.000000 0.168451 0.725613 0.725613 0.725613
4605.888184 0.000000 3117.835205 0.000000 0.813045 0.000000 0.582201 0.657321 0.657321 0.657321
4604.263184 0.000000 3121.847900 0.000000 0.267528 0.000000 0.963550 0.556856 0.556856 0.556856
4582.195801 0.000000 3122.344727 0.000000 0.999480 0.000000 -0.032247 0.754774 0.754774 0.754774
4605.148926 0.000000 3115.679688 0.000000 0.072333 0.000000 -0.997380 0.965892 0.965892 0.965892
4604.414062 0.000000 3114.287842 0.000000 0.646741 0.000000 -0.762710 0.874990 0.874990 0.874990
4605.279785 0.000000 3110.946045 0.000000 0.967160 0.000000 0.254167 0.712684 0.712684 0.712684
4604.325195 0.000000 3108.890625 0.000000 0.964185 0.000000 -0.265229 0.788678 0.788678 0.788678
4592.721680 0.000000 3106.867676 0.000000 0.024262 0.000000 0.999706 0.521960 0.521960 0.521960
4582.782227 0.000000 3135.987793 0.000000 0.951996 0.000000 0.306112 0.684030 0.684030 0.684030
4608.425781 0.000000 3124.747803 0.000000 0.422416 0.000000 0.906402 0.524686 0.524686 0.524686
4615.865723 0.000000 3112.020264 0.000000 0.389362 0.000000 -0.921085 0.994992 0.994992 0.994992
4612.458496 0.000000 3108.490234 0.000000 0.995628 0.000000 0.093402 0.730638 0.730638 0.730638
4614.955078 0.000000 3121.385254 0.000000 0.913335 0.000000 -0.407209 0.838226 0.838226 0.838226
4607.443848 0.000000 3129.439941 0.000000 0.235621 0.000000 0.971845 0.476335 0.476335 0.476335
4615.453125 0.000000 3116.264160 0.000000 0.048283 0.000000 -0.998834 1.069425 1.069425 1.069425
4611.896484 0.000000 3113.299072 0.000000 0.686775 0.000000 -0.726870 0.912501 0.912501 0.912501
4608.923828 0.000000 3104.485352 0.000000 0.345554 0.000000 0.938399 0.502676 0.502676 0.502676
4607.463379 0.000000 3107.629150 0.000000 0.999441 0.000000 -0.033445 0.756022 0.756022 0.756022
4611.186035 0.000000 3121.229736 0.000000 0.989433 0.000000 0.144993 0.720780 0.720780 0.720780
4610.969727 0.000000 3110.696045 0.000000 0.296716 0.000000 -0.954966 1.004945 1.004945 1.004945
4610.431641 0.000000 3115.392090 0.000000 0.994059 0.000000 0.108844 0.728283 0.728283 0.728283
4609.008301 0.000000 3122.389160 0.000000 0.701454 0.000000 0.712714 0.596920 0.596920 0.596920
4609.475098 0.000000 3113.172119 0.000000 0.042850 0.000000 -0.999082 1.035377 1.035377 1.035377
4609.289551 0.000000 3109.256836 0.000000 0.970183 0.000000 0.242372 0.703039 0.703039 0.703039
4607.473145 0.000000 3113.410400 0.000000 0.942348 0.000000 0.334635 0.696237 0.696237 0.696237
4607.466797 0.000000 3123.250732 0.000000 0.287238 0.000000 0.957859 0.528281 0.528281 0.528281
4607.632812 0.000000 3109.593018 0.000000 0.529763 0.000000 0.848146 0.581940 0.581940 0.581940
4607.562012 0.000000 3116.911377 0.000000 0.687131 0.000000 -0.726534 0.879968 0.879968 0.879968
4607.475098 0.000000 3118.760986 0.000000 0.213785 0.000000 0.976881 0.538731 0.538731 0.538731
4607.705078 0.000000 3121.861816 0.000000 0.976835 0.000000 -0.213995 0.783738 0.783738 0.783738
7175.115723 0.000000 2873.667480 0.000000 0.682045 0.000000 -0.731310 0.834087 0.834087 0.834087
7178.089844 0.000000 2873.771484 0.000000 0.836688 0.000000 0.547680 0.690584 0.690584 0.690584
7178.776367 0.000000 2875.448730 0.000000 0.956854 0.000000 0.290571 0.719776 0.719776 0.719776
7179.905762 0.000000 2873.712402 0.000000 0.290532 0.000000 0.956865 0.619190 0.619190 0.619190
7179.034180 0.000000 2872.510498 0.000000 0.989172 0.000000 0.146760 0.734900 0.734900 0.734900
7174.273926 0.000000 2872.655518 0.000000 0.713561 0.000000 0.700593 0.670425 0.670425 0.670425
7179.615723 0.000000 2874.765869 0.000000 0.968084 0.000000 -0.250627 0.775970 0.775970 0.775970
7174.138184 0.000000 2873.989014 0.000000 0.681535 0.000000 0.731785 0.665842 0.665842 0.665842
7175.723145 0.000000 2872.869141 0.000000 0.196070 0.000000 -0.980590 0.890798 0.890798 0.890798
7178.967285 0.000000 2874.088867 0.000000 0.516507 0.000000 -0.856283 0.855388 0.855388 0.855388
7178.165527 0.000000 2874.743408 0.000000 0.564902 0.000000 -0.825158 0.849488 0.849488 0.849488
7179.906738 0.000000 2872.776123 0.000000 0.868251 0.000000 -0.496124 0.803218 0.803218 0.803218
7175.018066 0.000000 2872.224609 0.000000 0.775975 0.000000 0.630763 0.680030 0.680030 0.680030
7170.657227 0.000000 2886.750732 0.000000 0.995981 0.000000 0.089568 0.740806 0.740806 0.740806
7177.035156 0.000000 2886.325928 0.000000 0.852313 0.000000 -0.523032 0.806424 0.806424 0.806424
7172.541504 0.000000 2882.885742 0.000000 0.109469 0.000000 -0.993990 0.899785 0.899785 0.899785
7171.751465 0.000000 2887.455811 0.000000 0.960579 0.000000 -0.278008 0.778880 0.778880 0.778880
7176.674805 0.000000 2887.493652 0.000000 0.148808 0.000000 0.988866 0.604282 0.604282 0.604282
7173.433105 0.000000 2883.360107 0.000000 0.993801 0.000000 0.111174 0.738579 0.738579 0.738579
7173.517090 0.000000 2882.417480 0.000000 0.090868 0.000000 -0.995863 0.901701 0.901701 0.901701
7177.604492 0.000000 2887.383301 0.000000 0.996264 0.000000 -0.086359 0.758864 0.758864 0.758864
7172.064941 0.000000 2883.645264 0.000000 0.919240 0.000000 -0.393698 0.791483 0.791483 0.791483
7176.079590 0.000000 2884.482666 0.000000 0.555237 0.000000 -0.831692 0.850685 0.850685 0.850685
6781.502930 0.000000 3133.425537 0.000000 0.090788 0.000000 -0.995870 0.901709 0.901709 0.901709
6774.018555 0.000000 3134.052246 0.000000 0.901464 0.000000 -0.432854 0.795891 0.795891 0.795891
6782.579102 0.000000 3128.684082 0.000000 0.950848 0.000000 0.309658 0.717725 0.717725 0.717725
6774.526367 0.000000 3132.621094 0.000000 0.978960 0.000000 0.204054 0.728934 0.728934 0.728934
6780.277832 0.000000 3132.820801 0.000000 0.084523 0.000000 0.996422 0.597646 0.597646 0.597646
6775.286133 0.000000 3133.637939 0.000000 0.935815 0.000000 -0.352492 0.786929 0.786929 0.786929
6781.469727 0.000000 3132.195068 0.000000 0.963249 0.000000 0.268611 0.722121 0.722121 0.722121
6774.944824 0.000000 3134.692139 0.000000 0.647287 0.000000 -0.762247 0.838857 0.838857 0.838857
6775.290527 0.000000 3132.107422 0.000000 0.933097 0.000000 -0.359624 0.787712 0.787712 0.787712
6780.705566 0.000000 3133.830566 0.000000 0.884625 0.000000 0.466302 0.700270 0.700270 0.700270
6774.286133 0.000000 3135.566650 0.000000 0.606635 0.000000 0.794981 0.655792 0.655792 0.655792
6774.199219 0.000000 3137.875000 0.000000 0.988185 0.000000 -0.153266 0.765774 0.765774 0.765774
6775.485352 0.000000 3137.192383 0.000000 0.946971 0.000000 -0.321320 0.783535 0.783535 0.783535
6775.745605 0.000000 3135.258057 0.000000 0.720705 0.000000 -0.693242 0.828524 0.828524 0.828524
6782.421387 0.000000 3139.318848 0.000000 0.591429 0.000000 -0.806357 0.846155 0.846155 0.846155
6782.986816 0.000000 3138.216309 0.000000 0.389191 0.000000 -0.921157 0.870049 0.870049 0.870049
6774.441406 0.000000 3136.783936 0.000000 0.995605 0.000000 -0.093654 0.759615 0.759615 0.759615
6775.184082 0.000000 3136.103271 0.000000 0.087991 0.000000 -0.996121 0.901997 0.901997 0.901997
6782.151855 0.000000 3138.042480 0.000000 0.979528 0.000000 0.201308 0.729221 0.729221 0.729221
6766.151855 0.000000 3168.281982 0.000000 0.962869 0.000000 -0.269969 0.778023 0.778023 0.778023
6754.560059 0.000000 3172.702148 0.000000 0.792307 0.000000 0.610122 0.682729 0.682729 0.682729
6767.908691 0.000000 3168.695557 0.000000 0.435694 0.000000 0.900095 0.635185 0.635185 0.635185
6755.242676 0.000000 3173.592041 0.000000 0.829066 0.000000 0.559150 0.689172 0.689172 0.689172
6766.885254 0.000000 3169.162354 0.000000 0.960162 0.000000 -0.279444 0.779034 0.779034 0.779034
6754.071777 0.000000 3173.579590 0.000000 0.867348 0.000000 0.497702 0.696595 0.696595 0.696595
6767.076660 0.000000 3168.144775 0.000000 0.736656 0.000000 -0.676268 0.826136 0.826136 0.826136
6783.178223 0.000000 3129.439941 0.000000 0.940091 0.000000 -0.340922 0.785665 0.785665 0.785665
6783.751953 0.000000 3128.712891 0.000000 0.489337 0.000000 0.872095 0.641389 0.641389 0.641389
6783.197754 0.000000 3139.621338 0.000000 0.047236 0.000000 0.998884 0.593815 0.593815 0.593815
6851.962891 0.000000 3284.141602 0.000000 0.895128 0.000000 -0.445809 0.797370 0.797370 0.797370
6851.938965 0.000000 3285.387695 0.000000 0.552079 0.000000 -0.833792 0.851073 0.851073 0.851073
6850.678223 0.000000 3284.894287 0.000000 0.981997 0.000000 0.188895 0.730518 0.730518 0.730518
"}
