object={
	name="tree_persia_generator_1_0"
	clamp_to_water_level=no
	render_under_water=no
	generated_content=yes
	layer="tree_layer"
	pdxmesh="tree_olive_01_mesh"
	count=83
	transform="7127.272461 0.000000 586.831055 0.000000 0.911351 0.000000 -0.411630 0.851280 0.851280 0.851280
7126.093262 0.000000 587.269958 0.000000 0.884041 0.000000 0.467410 0.633890 0.633890 0.633890
4585.924805 0.000000 3100.773193 0.000000 0.030701 0.000000 0.999529 0.382330 0.382330 0.382330
4600.584961 0.000000 3100.818848 0.000000 0.514535 0.000000 -0.857469 0.995973 0.995973 0.995973
4599.581055 0.000000 3114.213867 0.000000 0.952080 0.000000 0.305848 0.675795 0.675795 0.675795
4603.762207 0.000000 3129.419189 0.000000 0.695461 0.000000 0.718564 0.558600 0.558600 0.558600
4586.928711 0.000000 3118.958008 0.000000 0.687223 0.000000 -0.726447 0.944122 0.944122 0.944122
4594.044434 0.000000 3126.200928 0.000000 0.514673 0.000000 0.857386 0.504065 0.504065 0.504065
4601.433105 0.000000 3121.721191 0.000000 0.135572 0.000000 -0.990768 1.092535 1.092535 1.092535
4592.406250 0.000000 3114.037842 0.000000 0.372852 0.000000 -0.927891 1.033785 1.033785 1.033785
4596.961426 0.000000 3107.682373 0.000000 0.502852 0.000000 0.864372 0.500787 0.500787 0.500787
4580.462402 0.000000 3108.490234 0.000000 0.436750 0.000000 -0.899583 1.017097 1.017097 1.017097
4593.339844 0.000000 3103.708496 0.000000 0.973554 0.000000 0.228456 0.694974 0.694974 0.694974
4589.830566 0.000000 3123.286865 0.000000 0.967232 0.000000 -0.253896 0.811284 0.811284 0.811284
4587.916504 0.000000 3113.833496 0.000000 0.615490 0.000000 -0.788144 0.966718 0.966718 0.966718
4593.171875 0.000000 3109.766846 0.000000 0.762081 0.000000 -0.647482 0.918133 0.918133 0.918133
4583.457031 0.000000 3116.264160 0.000000 0.479697 0.000000 -0.877434 1.005560 1.005560 1.005560
4600.443359 0.000000 3110.139160 0.000000 0.451696 0.000000 -0.892172 1.013114 1.013114 1.013114
4585.133789 0.000000 3107.988770 0.000000 0.661096 0.000000 0.750302 0.547431 0.547431 0.547431
4601.548828 0.000000 3125.881836 0.000000 0.323302 0.000000 -0.946296 1.046405 1.046405 1.046405
4580.240234 0.000000 3124.180664 0.000000 0.384904 0.000000 -0.922957 1.030676 1.030676 1.030676
4595.614258 0.000000 3115.993408 0.000000 0.591026 0.000000 -0.806653 0.974042 0.974042 0.974042
4605.644531 0.000000 3106.403076 0.000000 0.710455 0.000000 -0.703743 0.936367 0.936367 0.936367
4603.588379 0.000000 3113.453613 0.000000 0.246297 0.000000 -0.969194 1.065590 1.065590 1.065590
4587.802246 0.000000 3110.270508 0.000000 0.379845 0.000000 0.925050 0.468017 0.468017 0.468017
4582.158203 0.000000 3132.826416 0.000000 0.520619 0.000000 0.853789 0.505724 0.505724 0.505724
4586.385254 0.000000 3122.487549 0.000000 0.286218 0.000000 0.958165 0.444299 0.444299 0.444299
4602.247070 0.000000 3118.401611 0.000000 0.631787 0.000000 0.775142 0.538259 0.538259 0.538259
4593.428711 0.000000 3123.017578 0.000000 0.627535 0.000000 -0.778588 0.963048 0.963048 0.963048
4587.400391 0.000000 3125.431885 0.000000 0.510806 0.000000 -0.859696 0.997010 0.997010 0.997010
4591.947754 0.000000 3128.511719 0.000000 0.850685 0.000000 0.525675 0.617860 0.617860 0.617860
4606.499023 0.000000 3112.605225 0.000000 0.365917 0.000000 -0.930648 1.035567 1.035567 1.035567
4585.417480 0.000000 3105.152344 0.000000 0.949296 0.000000 -0.314383 0.826348 0.826348 0.826348
4591.124512 0.000000 3125.797607 0.000000 0.021915 0.000000 0.999760 0.380232 0.380232 0.380232
4582.119141 0.000000 3118.734375 0.000000 0.916639 0.000000 -0.399716 0.848168 0.848168 0.848168
4596.001465 0.000000 3104.816162 0.000000 0.990032 0.000000 -0.140840 0.783735 0.783735 0.783735
4597.545410 0.000000 3120.836914 0.000000 0.466587 0.000000 -0.884475 1.009112 1.009112 1.009112
4582.688965 0.000000 3106.768066 0.000000 0.823398 0.000000 -0.567464 0.894057 0.894057 0.894057
4586.260742 0.000000 3116.343262 0.000000 0.407823 0.000000 -0.913061 1.024716 1.024716 1.024716
4603.315918 0.000000 3107.702881 0.000000 0.810043 0.000000 0.586371 0.600417 0.600417 0.600417
4582.942383 0.000000 3109.526855 0.000000 0.990107 0.000000 0.140311 0.716392 0.716392 0.716392
4582.096191 0.000000 3127.353760 0.000000 0.089485 0.000000 0.995988 0.396392 0.396392 0.396392
4588.539062 0.000000 3121.054443 0.000000 0.176585 0.000000 -0.984285 1.082621 1.082621 1.082621
4594.284668 0.000000 3112.122070 0.000000 0.454356 0.000000 0.890820 0.487598 0.487598 0.487598
4580.871582 0.000000 3115.681885 0.000000 0.979144 0.000000 -0.203170 0.798843 0.798843 0.798843
4585.415039 0.000000 3113.936768 0.000000 0.599663 0.000000 0.800253 0.528524 0.528524 0.528524
4584.530762 0.000000 3118.593750 0.000000 0.989930 0.000000 -0.141560 0.783909 0.783909 0.783909
4600.039551 0.000000 3123.826904 0.000000 0.189827 0.000000 0.981818 0.420594 0.420594 0.420594
4597.174316 0.000000 3114.100586 0.000000 0.904009 0.000000 -0.427514 0.855458 0.855458 0.855458
4601.339355 0.000000 3112.521484 0.000000 0.014266 0.000000 -0.999898 1.121594 1.121594 1.121594
4582.426270 0.000000 3113.881836 0.000000 0.944000 0.000000 -0.329945 0.830273 0.830273 0.830273
4595.680176 0.000000 3122.251953 0.000000 0.017701 0.000000 0.999843 0.379226 0.379226 0.379226
4590.911621 0.000000 3109.063232 0.000000 0.908453 0.000000 -0.417986 0.852948 0.852948 0.852948
4596.298828 0.000000 3118.593506 0.000000 0.998188 0.000000 0.060173 0.735626 0.735626 0.735626
4586.229492 0.000000 3127.435547 0.000000 0.997854 0.000000 -0.065479 0.765643 0.765643 0.765643
4585.351562 0.000000 3110.271240 0.000000 0.719896 0.000000 -0.694082 0.933142 0.933142 0.933142
4599.088867 0.000000 3108.307617 0.000000 0.424750 0.000000 0.905310 0.479729 0.479729 0.479729
4597.880371 0.000000 3116.221191 0.000000 0.826661 0.000000 -0.562701 0.892678 0.892678 0.892678
4605.544922 0.000000 3114.587646 0.000000 0.572849 0.000000 -0.819661 0.979378 0.979378 0.979378
4584.028320 0.000000 3131.706055 0.000000 0.980301 0.000000 0.197510 0.702536 0.702536 0.702536
4599.381348 0.000000 3121.807129 0.000000 0.998464 0.000000 -0.055397 0.763232 0.763232 0.763232
4581.035156 0.000000 3122.206787 0.000000 0.824823 0.000000 0.565391 0.606544 0.606544 0.606544
4580.345215 0.000000 3119.633301 0.000000 0.955687 0.000000 -0.294384 0.821336 0.821336 0.821336
4588.729004 0.000000 3111.983887 0.000000 0.709021 0.000000 0.705188 0.563147 0.563147 0.563147
4584.165039 0.000000 3127.801758 0.000000 0.780862 0.000000 0.624703 0.588915 0.588915 0.588915
4589.187012 0.000000 3126.190918 0.000000 0.121702 0.000000 0.992567 0.404126 0.404126 0.404126
4590.558105 0.000000 3113.361572 0.000000 0.083424 0.000000 0.996514 0.394939 0.394939 0.394939
4591.637207 0.000000 3123.893311 0.000000 0.782831 0.000000 -0.622235 0.910331 0.910331 0.910331
4592.390625 0.000000 3112.061523 0.000000 0.734750 0.000000 -0.678338 0.927975 0.927975 0.927975
4588.347168 0.000000 3108.450195 0.000000 0.467695 0.000000 -0.883890 1.008814 1.008814 1.008814
4586.638184 0.000000 3108.963135 0.000000 0.923331 0.000000 0.384006 0.655908 0.655908 0.655908
4589.532227 0.000000 3109.947266 0.000000 0.872223 0.000000 -0.489109 0.872009 0.872009 0.872009
4581.188477 0.000000 3117.317383 0.000000 0.740334 0.000000 -0.672239 0.926000 0.926000 0.926000
4583.447266 0.000000 3119.845459 0.000000 0.720317 0.000000 -0.693645 0.932997 0.932997 0.932997
4611.403809 0.000000 3117.801758 0.000000 0.956398 0.000000 0.292067 0.679243 0.679243 0.679243
4607.718262 0.000000 3120.381348 0.000000 0.935381 0.000000 0.353643 0.663707 0.663707 0.663707
4607.969238 0.000000 3115.403564 0.000000 0.074509 0.000000 -0.997220 1.107196 1.107196 1.107196
4608.678223 0.000000 3117.999512 0.000000 0.842583 0.000000 -0.538566 0.885775 0.885775 0.885775
6066.202148 0.000000 3119.956543 0.000000 0.456080 0.000000 0.889939 0.488060 0.488060 0.488060
6078.460938 0.000000 3120.583496 0.000000 0.958532 0.000000 0.284985 0.681009 0.681009 0.681009
6066.941895 0.000000 3118.914795 0.000000 0.283710 0.000000 0.958910 0.443674 0.443674 0.443674
6079.538574 0.000000 3120.381348 0.000000 0.625643 0.000000 0.780109 0.536373 0.536373 0.536373
6079.525391 0.000000 3121.861816 0.000000 0.898331 0.000000 0.439319 0.641415 0.641415 0.641415
"}
